%YAML:1.0
M1: !!opencv-matrix
   rows: 3
   cols: 3
   dt: d
   data: [ 7.9351363821456187e+02, 0., 3.1879366520669112e+02, 0.,
       7.9351363821456187e+02, 2.2650256818617882e+02, 0., 0., 1. ]
D1: !!opencv-matrix
   rows: 1
   cols: 5
   dt: d
   data: [ -2.0542252871929326e-01, 2.4636664986614995e-01, 0., 0., 0. ]
M2: !!opencv-matrix
   rows: 3
   cols: 3
   dt: d
   data: [ 7.9351363821456187e+02, 0., 3.2075049567449616e+02, 0.,
       7.9351363821456187e+02, 2.2866474369327901e+02, 0., 0., 1. ]
D2: !!opencv-matrix
   rows: 1
   cols: 5
   dt: d
   data: [ -1.7877448768743423e-01, 1.1119886095421877e-01, 0., 0., 0. ]
