%YAML:1.0
R: !!opencv-matrix
   rows: 3
   cols: 3
   dt: d
   data: [ 9.9937074251903202e-01, 2.3901365812343859e-03,
       3.5389352128592691e-02, -2.2345681615109038e-03,
       9.9998766950490081e-01, -4.4348104005452185e-03,
       -3.5399515562928890e-02, 4.3529398434009473e-03,
       9.9936376070609523e-01 ]
T: !!opencv-matrix
   rows: 3
   cols: 1
   dt: d
   data: [ -2.6112013602546207e+00, 9.8962041698497094e-03,
       -2.8936380485460347e-02 ]
R1: !!opencv-matrix
   rows: 3
   cols: 3
   dt: d
   data: [ 9.9891842032821465e-01, -1.3513909645412950e-03,
       4.6477556642374858e-02, 1.4516939093477705e-03,
       9.9999668973212841e-01, -2.1244080537689445e-03,
       -4.6474531883363493e-02, 2.1895815231025135e-03,
       9.9891707544669395e-01 ]
R2: !!opencv-matrix
   rows: 3
   cols: 3
   dt: d
   data: [ 9.9993142404846014e-01, -3.7896447508231896e-03,
       1.1080875104478319e-02, 3.7657276646574675e-03,
       9.9999053671578819e-01, 2.1784797509783139e-03,
       -1.1089025907360958e-02, -2.1366028017269318e-03,
       9.9993623218327965e-01 ]
P1: !!opencv-matrix
   rows: 3
   cols: 4
   dt: d
   data: [ 7.1693762554581485e+02, 0., 2.9434889984130859e+02, 0., 0.,
       7.1693762554581485e+02, 2.2747732162475586e+02, 0., 0., 0., 1.,
       0. ]
P2: !!opencv-matrix
   rows: 3
   cols: 4
   dt: d
   data: [ 7.1693762554581485e+02, 0., 2.9434889984130859e+02,
       -1.8721968907262010e+03, 0., 7.1693762554581485e+02,
       2.2747732162475586e+02, 0., 0., 0., 1., 0. ]
Q: !!opencv-matrix
   rows: 4
   cols: 4
   dt: d
   data: [ 1., 0., 0., -2.9434889984130859e+02, 0., 1., 0.,
       -2.2747732162475586e+02, 0., 0., 0., 7.1693762554581485e+02, 0.,
       0., 3.8293922455331292e-01, 0. ]
