%YAML:1.0
R: !!opencv-matrix
   rows: 3
   cols: 3
   dt: d
   data: [ 9.9999131142154019e-01, -1.0412693425738433e-03,
       -4.0364389732195248e-03, 1.0413556092082755e-03,
       9.9999945760342768e-01, 1.9270331090192176e-05,
       4.0364167182638756e-03, -2.3473532024397208e-05,
       9.9999185336135110e-01 ]
T: !!opencv-matrix
   rows: 3
   cols: 1
   dt: d
   data: [ -5.7416758313537279e+00, -2.3697629637549423e-03,
       1.0185108155676503e-01 ]
R1: !!opencv-matrix
   rows: 3
   cols: 3
   dt: d
   data: [ 9.9976276964005217e-01, -6.2802412473186712e-04,
       -2.1771771341593880e-02, 6.2836638780642466e-04,
       9.9999980253840015e-01, 8.8793648350177780e-06,
       2.1771761466049755e-02, -2.2557907694188006e-05,
       9.9976296685454713e-01 ]
R2: !!opencv-matrix
   rows: 3
   cols: 3
   dt: d
   data: [ 9.9984261749141323e-01, 4.1266523469966475e-04,
       -1.7736120075248680e-02, -4.1294404977494723e-04,
       9.9999991466590588e-01, -1.2057886298149985e-05,
       1.7736113585882462e-02, 1.9380013848902698e-05,
       9.9984270257840258e-01 ]
P1: !!opencv-matrix
   rows: 3
   cols: 4
   dt: d
   data: [ 2.2548571732674559e+03, 0., 9.8299119567871094e+02, 0., 0.,
       2.2548571732674559e+03, 5.8960412216186523e+02, 0., 0., 0., 1.,
       0. ]
P2: !!opencv-matrix
   rows: 3
   cols: 4
   dt: d
   data: [ 2.2548571732674559e+03, 0., 9.8299119567871094e+02,
       -1.2948696833294891e+04, 0., 2.2548571732674559e+03,
       5.8960412216186523e+02, 0., 0., 0., 1., 0. ]
Q: !!opencv-matrix
   rows: 4
   cols: 4
   dt: d
   data: [ 1., 0., 0., -9.8299119567871094e+02, 0., 1., 0.,
       -5.8960412216186523e+02, 0., 0., 0., 2.2548571732674559e+03, 0.,
       0., 1.7413776863394917e-01, 0. ]
