%YAML:1.0
M1: !!opencv-matrix
   rows: 3
   cols: 3
   dt: d
   data: [ 2.3693746334805051e+03, 0., 9.2741278179764822e+02, 0.,
       2.3693746334805051e+03, 5.8991475632479694e+02, 0., 0., 1. ]
D1: !!opencv-matrix
   rows: 1
   cols: 8
   dt: d
   data: [ -1.7372463871275712e-01, -1.1185049619892971e-01, 0., 0., 0.,
       0., 0., -6.8432552080999109e-01 ]
M2: !!opencv-matrix
   rows: 3
   cols: 3
   dt: d
   data: [ 2.3693746334805051e+03, 0., 9.3075047066039281e+02, 0.,
       2.3693746334805051e+03, 5.9163094099667080e+02, 0., 0., 1. ]
D2: !!opencv-matrix
   rows: 1
   cols: 8
   dt: d
   data: [ -1.6720593048530580e-01, -3.6286297984534832e-01, 0., 0., 0.,
       0., 0., -4.5840950170805934e+00 ]
