%YAML:1.0
R: !!opencv-matrix
   rows: 3
   cols: 3
   dt: d
   data: [ 0.999985, -0.003455, -0.004341, 
            0.003495, 0.999951, 0.009310, 0.004309, 
            -0.009325, 0.999947]
T: !!opencv-matrix
   rows: 3
   cols: 1
   dt: d
   data: [ -76.645932, 0.628035, -1.590674]
