%YAML:1.0
M1: !!opencv-matrix
   rows: 3
   cols: 3
   dt: d
   data: [ 1567.020867, 15.182283, 627.749358, 
            0.000000, 1566.899828, 340.564075, 0.000000, 
            0.000000, 1.000000]
D1: !!opencv-matrix
   rows: 1
   cols: 5
   dt: d
   data: [ -0.201417, 0.101429, 0., 0., 0. ]
M2: !!opencv-matrix
   rows: 3
   cols: 3
   dt: d
   data: [ 1569.619436, 11.881373, 681.161340, 
            0.000000, 1567.006203, 353.389438, 0.000000, 
            0.000000, 1.000000]
D2: !!opencv-matrix
   rows: 1
   cols: 5
   dt: d
   data: [ -0.185578, 0.059506, 0., 0., 0. ]
