%YAML:1.0
Q: !!opencv-matrix
   rows: 4
   cols: 4
   dt: d
   data: [ 1569.619436, 11.881373, 681.161340, 
            0.000000, 1567.006203, 353.389438, 0.000000, 
            0.000000, 1.000000]

